tstep_number|time|error_1|error_2
0|0.0|0.0|0.7254762501100117
1|0.003|0.0003444633493545321|0.704655113108834
2|0.006|0.0006689909776232183|0.6844315418390723
3|0.009|0.0009744482349789594|0.6647883861900794
4|0.012|0.0012616670821618836|0.6457089882586428
5|0.015|0.0015314472983134438|0.6271771682226508
6|0.018|0.0017845576468643325|0.6091772106201873
7|0.021|0.002021737000893591|0.591693851022413
8|0.024|0.002243695429327943|0.5747122630889364
9|0.027|0.002451115245304653|0.5582180459946937
10|0.03|0.0026446520179792318|0.542197212217678
11|0.033|0.0028249355490150133|0.5266361756771588
12|0.036|0.0029925708149526|0.5115217402123347
13|0.039|0.003148138876614372|0.4968410883916488
14|0.042|0.003292197756664789|0.482581770643276
15|0.045|0.003425283286406191|0.46873169469756315
16|0.048|0.0035479099228581225|0.4552791153324741
17|0.051|0.0036605715371277672|0.44221262441333664
18|0.054|0.00376374217505231|0.4295211412184503
19|0.057|0.003857876791054916|0.41719390304234827
20|0.06|0.003943411956130046|0.405220456068745
21|0.063|0.004020766540839038|0.39359064650543046
22|0.066|0.004090342374170624|0.3822946119735916
23|0.069|0.004152524879091047|0.37132277314426093
24|0.072|0.004207683685580304|0.3606658256147981
25|0.075|0.004256173221927257|0.3503147320185159
26|0.078|0.004298333285026171|0.34026071436076033
27|0.081|0.004334489590396958|0.3304952465749443
28|0.084|0.004364954302623919|0.3210100472922228
29|0.087|0.004390026546885925|0.3117970728186789
30|0.09|0.004409992902228739|0.30284851031406296
31|0.093|0.004425127877206821|0.2941567711663025
32|0.096|0.004435694368502878|0.2857144845561634
33|0.099|0.0044419441031121176|0.2775144912066049
34|0.102|0.004444118064657103|0.2695498373115275
35|0.105|0.004442446904383221|0.26181376863876604
36|0.108|0.004437151337362874|0.25429972480232665
37|0.111|0.004428442524420859|0.24700133369900923
38|0.114|0.004416522440276304|0.23991240610470022
39|0.117|0.004401584228377741|0.23302693042575048
40|0.12|0.004383812542894228|0.22633906760098862
41|0.123|0.004363383878307693|0.21984314615004608
42|0.126|0.004340466887039953|0.2135336573637957
43|0.129|0.004315222685527435|0.2074052506328243
44|0.132|0.004287805149149512|0.20145272890997706
45|0.135|0.0042583611963975775|0.19567104430312784
46|0.138|0.004227031062660812|0.19005529379443634
47|0.141|0.004193948563991918|0.18460071508246204
48|0.144|0.004159241351203371|0.17930268254360981
49|0.147|0.004123031154632818|0.17415670330948183
50|0.15|0.00408543401990497|0.16915841345680874
51|0.153|0.004046560535006346|0.16430357430673043
52|0.156|0.004006516048977828|0.1595880688302867
53|0.159|0.0039654008825201785|0.15500789815707047
54|0.162|0.003923310530797645|0.15055917818408232
55|0.165|0.003880335858714649|0.14623813628191104
56|0.168|0.0038365632889309983|0.14204110809544623
57|0.171|0.0037920749828733594|0.13796453443641066
58|0.174|0.003746949014989928|0.13400495826507688
59|0.177|0.003701259540488178|0.1301590217586079
60|0.18|0.0036550769567871132|0.1264234634635373
61|0.183|0.003608468058906585|0.12279511552997156
62|0.186|0.00356149618901084|0.11927090102517249
63|0.189|0.0035142213803128664|0.1158478313242382
64|0.192|0.003466700495541846|0.1125230035756723
65|0.195|0.003418987360167301|0.10929359823969086
66|0.198|0.003371132890567662|0.10615687669717973
67|0.201|0.003323185217324227|0.10311017892727489
68|0.204|0.0032751898038154213|0.10015092125159608
69|0.207|0.0032271895602800334|0.09727659414322085
70|0.21|0.0031792249535121876|0.09448476009854077
71|0.213|0.0031313341123458192|0.09177305157019569
72|0.216|0.003083552929079916|0.0891391689593322
73|0.219|0.003035915156991613|0.08658087866548461
74|0.222|0.0029884525040783315|0.08409601119242398
75|0.225|0.0029411947231654727|0.08168245930836915
76|0.228|0.00289416969851228|0.07933817625900015
77|0.231|0.002847403529041743|0.07706117403175738
78|0.234|0.0028009206083188035|0.07484952166995572
79|0.237|0.002754743701394354|0.07270134363528338
80|0.24|0.0027088940186299182|0.07061481821729707
81|0.243|0.002663391286613459|0.06858817598856441
82|0.246|0.0026182538162724807|0.06661969830414365
83|0.249|0.0025734985682878708|0.06470771584412881
84|0.252|0.0025291412159066952|0.06285060719802281
85|0.255|0.002485196205251011|0.06104679748973973
86|0.258|0.0024416768132137024|0.05929475704206933
87|0.261|0.0023985952030314006|0.05759300007947096
88|0.264|0.0023559624776201106|0.05594008346809781
89|0.267|0.00231378873075669|0.0543346054919822
90|0.27|0.002272083096185575|0.05277520466434389
91|0.273|0.0022308537947288024|0.05126055857301442
92|0.276|0.002190108179473515|0.04978938275899739
93|0.279|0.0021498527791081723|0.04836042962721402
94|0.282|0.0021100933394778503|0.046972487388510314
95|0.285|0.0020708348634243174|0.045624379032028664
96|0.288|0.002032081648976137|0.044314961327072175
97|0.291|0.0019938373259504984|0.043043123853615355
98|0.294|0.0019561048910270934|0.041807788060639506
99|0.297|0.0019188867413514445|0.0406079063514936
100|0.3|0.001882184706723565|0.039442461195505076
101|0.303|0.0018460000804256806|0.038310464265087676
102|0.306|0.0018103336487411829|0.03721095559761419
103|0.309|0.001775185719213962|0.03614300278134325
104|0.312|0.0017405561476969542|0.03510570016471012
105|0.315|0.0017064443642362524|0.03409816808831087
106|0.318|0.0016728493978351302|0.03311955213892836
107|0.321|0.0016397699001414916|0.03216902242496776
108|0.324|0.0016072041681004158|0.031245772872687275
109|0.327|0.0015751501656113083|0.03034902054262652
110|0.33|0.0015436055442288508|0.029478004965653764
111|0.333|0.001512567662944888|0.02863198749806858
112|0.336|0.0014820336070865297|0.027810250695212656
113|0.339|0.0014520002063659653|0.027012097703058433
114|0.342|0.0014224640521146284|0.026236851667258806
115|0.345|0.0013934215137337434|0.025483855159157087
116|0.348|0.0013648687543928253|0.02475246961827062
117|0.351|0.0013368017460051933|0.0240420748107751
118|0.354|0.001309216283509313|0.023352068303530017
119|0.357|0.0012821079984841393|0.02268186495319991
120|0.36|0.0012554723721245108|0.02203089641003789
121|0.363|0.0012293047476020474|0.02139861063591007
122|0.366|0.0012036003418372425|0.020784471436153286
123|0.369|0.0011783542567051109|0.020187958004867886
124|0.372|0.0011535614896985773|0.019608564483261048
125|0.375|0.0011292169440706126|0.019045799530665403
126|0.378|0.001105315438477339|0.01849918590786959
127|0.381|0.001081851716141389|0.017968260072406907
128|0.384|0.0010588204535559717|0.01745257178545935
129|0.387|0.0010362162687485804|0.01695168373004357
130|0.39|0.0010140337291220233|0.01646517114015474
131|0.393|0.0009922673588907253|0.015992621440553963
132|0.396|0.0009709116461290214|0.015533633896893844
133|0.399|0.0009499610494478166|0.015087819275885516
134|0.402|0.0009294100043147607|0.014654799515218513
135|0.405|0.0009092529290338255|0.014234207402954458
136|0.408|0.0008894842303977487|0.01382568626612172
137|0.411|0.0008700983090278333|0.013428889668247429
138|0.414|0.0008510895644146006|0.013043481115570667
139|0.417|0.000832452399671383|0.012669133771686717
140|0.42|0.0008141812260142755|0.012305530180381656
141|0.423|0.0007962704669794573|0.01195236199642112
142|0.426|0.0007787145623897334|0.011609329724065661
143|0.429|0.0007615079720812966|0.011276142463090619
144|0.432|0.0007446451794008605|0.010952517662095127
145|0.435|0.0007281206944841344|0.010638180878891394
146|0.438|0.0007119290573243782|0.010332865547770485
147|0.441|0.0006960648406411799|0.010036312753447773
148|0.444|0.000680522652558347|0.009748271011496171
149|0.447|0.0006652971390989626|0.009468496055080721
150|0.45|0.0006503829865068778|0.009196750627814028
151|0.453|0.0006357749234019033|0.008932804282556878
152|0.456|0.0006214677227764696|0.008676433185992915
153|0.459|0.0006074562038414154|0.00842741992881222
154|0.462|0.0005937352337278493|0.008185553341342753
155|0.465|0.0005802997290516088|0.007950628314472867
156|0.468|0.0005671446573473245|0.007722445625713601
157|0.471|0.0005542650383777073|0.007500811770252775
158|0.474|0.0005416559453247921|0.007285538796857995
159|0.477|0.0005293125058682161|0.007076444148489051
160|0.48|0.0005172299031565423|0.006873350507484915
161|0.483|0.0005054033766766495|0.0066760856451937595
162|0.486|0.000493828223026417|0.006484482275918624
163|0.489|0.00048249979659542445|0.006298377915054794
164|0.492|0.0004714135101585924|0.006117614741298699
165|0.495|0.00046056483538697417|0.005942039462811416
166|0.498|0.00044994930327991827|0.0057715031872230165
167|0.501|0.000439562504523322|0.0056058612953682465
168|0.504|0.0004294000897773505|0.00544497331864573
169|0.507|0.00041945776989696|0.0052887028198966785
170|0.51|0.00040973131609039175|0.005136917277703033
171|0.513|0.0004002165600172886|0.004989487974005574
172|0.516|0.000390909393831134|0.004846289884947896
173|0.519|0.0003818057701681827|0.004707201574852783
174|0.522|0.00037290170208690074|0.004572105093241847
175|0.525|0.0003641932629595685|0.004440885874810156
176|0.528|0.00035567658632031996|0.004313432642272198
177|0.531|0.00034734786567093995|0.004189637311995729
178|0.534|0.00033920335424765226|0.004069394902344013
179|0.537|0.00033123936475138366|0.003952603444648788
180|0.54|0.00032345226904339076|0.0038391638967381686
181|0.543|0.0003158384978088033|0.003728980058946319
182|0.546|0.0003083945401901553|0.0036219584925336135
183|0.549|0.0003011169433927285|0.003518008440448242
184|0.552|0.00029400231226401447|0.0034170417503618772
185|0.555|0.00028704730884861727|0.0033189727999141413
186|0.558|0.0002802486519208959|0.003223718424102788
187|0.561|0.0002736031164965781|0.0031311978447574242
188|0.564|0.00026710753332536487|0.003041332602037769
189|0.567|0.00026075878836549917|0.002954046487897469
190|0.57|0.00025455382224240006|0.0028692654814578755
191|0.573|0.00024848962969207193|0.0027869176862362773
192|0.576|0.0002425632589913111|0.0027069332691759926
193|0.579|0.00023677181137534697|0.0026292444014260103
194|0.582|0.00023111244044428134|0.0025537852008203875
195|0.585|0.00022558235155981205|0.0024804916760085166
196|0.588|0.00022017880123284303|0.0024093016721887664
197|0.591|0.00021489909650318392|0.0023401548183996715
198|0.594|0.0002097405943124158|0.0022729924763236916
199|0.597|0.0002047007008706923|0.0022077576905605227
200|0.6|0.00019977687101835982|0.0021443951403273664
201|0.603|0.00019496660758334727|0.0020828510925454454
202|0.606|0.0001902674607349928|0.0020230733562730824
203|0.609|0.0001856770273350682|0.0019650112384463213
204|0.612|0.00018119295028689892|0.0019086155008900226
205|0.615|0.00017681291788258248|0.0018538383185624366
206|0.618|0.00017253466315008325|0.0018006332389985382
207|0.621|0.00016835596319963441|0.0017489551429169905
208|0.624|0.00016427463857065968|0.001698760205957904
209|0.627|0.0001602885525795833|0.001650005861518597
210|0.63|0.00015639561066903965|0.00160265076465606
211|0.633|0.00015259375975889457|0.0015566547570253495
212|0.636|0.00014888098759956959|0.0015119788328243056
213|0.639|0.00014525532212806031|0.0014685851057156052
214|0.642|0.00014171483082704397|0.0014264367766981551
215|0.645|0.00013825762008734234|0.001385498102900569
216|0.648|0.00013488183457433677|0.001345734367270356
217|0.651|0.00013158565659841378|0.0013071118491329266
218|0.654|0.00012836730548968734|0.0012695977955956385
219|0.657|0.00012522503697748655|0.00123316039377237
220|0.66|0.00012215714257474874|0.0011977687438054997
221|0.663|0.00011916194896762878|0.0011633928326620037
222|0.666|0.00011623781741025075|0.001130003508681564
223|0.669|0.00011338314312528381|0.0010975724568552559
224|0.672|0.00011059635471020706|0.001066072174813746
225|0.675|0.00010787591354936984|0.0010354759495044272
226|0.678|0.00010522031323218235|0.0010057578345381627
227|0.681|0.00010262807897777816|0.0009768926281861492
228|0.684|0.0001000977670655159|0.0009488558520079858
229|0.687|9.7627964272437e-05|0.0009216237300935678
230|0.69|9.521728731688606e-05|0.0008951731689002461
231|0.693|9.286438230926275e-05|0.0008694817376692261
232|0.696|9.056792420888423e-05|0.0008445276494033507
233|0.699|8.832661628819944e-05|0.0008202897423914569
234|0.702|8.613918960356672e-05|0.0007967474622625139
235|0.705|8.400440247306924e-05|0.0007738808445550595
236|0.708|8.192103996122377e-05|0.0007516704977868257
237|0.711|7.98879133707577e-05|0.0007300975870102098
238|0.714|7.79038597413509e-05|0.000709143817839861
239|0.717|7.596774135540981e-05|0.0006887914209384383
240|0.72|7.407844525096956e-05|0.0006690231369478508
241|0.723|7.223488274150854e-05|0.0006498222018528349
242|0.726|7.043598894293188e-05|0.0006311723327645932
243|0.729|6.868072230764876e-05|0.0006130577141125467
244|0.732|6.696806416566539e-05|0.0005954629842324198
245|0.735|6.529701827236859e-05|0.0005783732223388148
246|0.738|6.366661036406331e-05|0.0005617739358724669
247|0.741|6.207588771956838e-05|0.0005456510482097683
248|0.744|6.052391872947094e-05|0.0005299908867256613
249|0.747|5.900979247192273e-05|0.0005147801711988362
250|0.75|5.7532618295498314e-05|0.0005000060025497716
251|0.753|5.609152540862932e-05|0.0004856558519019373
252|0.756|5.4685662476097826e-05|0.0004717175499570686
253|0.759|5.3314197222075956e-05|0.00045817927667520815
254|0.762|5.1976316039845456e-05|0.0004450295512509394
255|0.765|5.067122360840001e-05|0.0004322572223776365
256|0.768|4.939814251522664e-05|0.0004198514587906076
257|0.771|4.815631288584969e-05|0.0004078017400819913
258|0.774|4.694499201971762e-05|0.0003960978477791249
259|0.777|4.576345403262003e-05|0.00038472985667915854
260|0.78|4.4610989505257125e-05|0.0003736881264320859
261|0.783|4.34869051381177e-05|0.000362963293365535
262|0.786|4.2390523412610074e-05|0.0003525462625441828
263|0.789|4.132118225816407e-05|0.0003424282000568393
264|0.792|4.027823472560913e-05|0.0003326005255252902
265|0.795|3.9261048666260145e-05|0.00032305490482776016
266|0.798|3.826900641714888e-05|0.00031378324303143676
267|0.801|3.730150449180514e-05|0.000304777677527607
268|0.804|3.6357953277212794e-05|0.0002960305713642388
269|0.807|3.5437776736098596e-05|0.0002875345067694853
270|0.81|3.4540412114789625e-05|0.00027928227886112094
271|0.813|3.36653096569378e-05|0.00027126688953681166
272|0.816|3.281193232246111e-05|0.00026348154153942895
273|0.819|3.197975551187935e-05|0.0002559196326928916
274|0.822|3.1168266795962964e-05|0.00024857475030315597
275|0.825|3.0376965650673575e-05|0.0002414406657203384
276|0.828|2.9605363197288127e-05|0.0002345113290564992
277|0.831|2.8852981947424967e-05|0.0002277808640552168
278|0.834|2.811935555317957e-05|0.00022124356310838532
279|0.837|2.7404028562282284e-05|0.00021489388241602455
280|0.84|2.6706556177824497e-05|0.0002087264372849076
281|0.843|2.6026504023094597e-05|0.00020273599756232647
282|0.846|2.536344791087432e-05|0.00019691748320066965
283|0.849|2.471697361746778e-05|0.0001912659599495428
284|0.852|2.4086676661211634e-05|0.00018577663517127372
285|0.855|2.3472162085543763e-05|0.00018044485377675438
286|0.858|2.2873044246367813e-05|0.00017526609427765126
287|0.861|2.2288946603780736e-05|0.00017023596495219673
288|0.864|2.1719501518117196e-05|0.0001653502001207931
289|0.867|2.1164350050192567e-05|0.0001606046565287521
290|0.87|2.0623141765484042e-05|0.00015599530983256176
291|0.873|2.009553454246556e-05|0.0001515182511871847
292|0.876|1.9581194385103623e-05|0.00014716968393132686
293|0.879|1.907979523878898e-05|0.0001429459203676334
294|0.882|1.859101881054028e-05|0.00013884337863550632
295|0.885|1.8114554392909113e-05|0.00013485857967365648
296|0.888|1.765009869130494e-05|0.00013098814426971422
297|0.891|1.719735565513722e-05|0.00012722879019443325
298|0.894|1.675603631265331e-05|0.00012357732941851968
299|0.897|1.6325858609107712e-05|0.00012003066540894553
300|0.9|1.5906547248274975e-05|0.0001165857905030426
301|0.903|1.5497833537688908e-05|0.00011323978335797119
302|0.906|1.5099455236720752e-05|0.00010998980647322436
303|0.909|1.4711156408361828e-05|0.00010683310378451859
304|0.912|1.4332687273858947e-05|0.00010376699832645763
305|0.915|1.3963804070618014e-05|0.00010078888996239138
306|0.918|1.3604268913263228e-05|9.78962531795869e-05
307|0.921|1.325384965754196e-05|9.508663494737867e-05
308|0.924|1.2912319767126856e-05|9.23576526369152e-05
309|0.927|1.2579458183599398e-05|8.970699200071493e-05
310|0.93|1.2255049199027204e-05|8.713240521012405e-05
311|0.933|1.1938882331503502e-05|8.463170894911637e-05
312|0.936|1.163075220300603e-05|8.220278256257619e-05
313|0.939|1.1330458420763269e-05|7.984356625833994e-05
314|0.942|1.1037805460112449e-05|7.755205935995543e-05
315|0.945|1.0752602551066676e-05|7.532631861050077e-05
316|0.948|1.047466356639549e-05|7.316445652420752e-05
317|0.951|1.020380691317739e-05|7.106463978634499e-05
318|0.954|9.939855425695193e-06|6.902508769802229e-05
319|0.957|9.682636261677708e-06|6.704407066646017e-05
320|0.96|9.431980800112956e-06|6.511990873798536e-05
321|0.963|9.18772454189335e-06|6.325097017362161e-05
322|0.966|8.949707012424943e-06|6.143567006527629e-05
323|0.969|8.71777166626677e-06|5.967246899149182e-05
324|0.972|8.491765794269559e-06|5.7959871712269214e-05
325|0.975|8.271540432618313e-06|5.629642590088626e-05
326|0.978|8.056950273921693e-06|5.4680720912381615e-05
327|0.981|7.847853580184277e-06|5.311138658713263e-05
328|0.984|7.644112098182072e-06|5.15870920891871e-05
329|0.987|7.4455909761667425e-06|5.010654477738355e-05
330|0.99|7.25215868296237e-06|4.8668489109404585e-05
331|0.993|7.063686928625775e-06|4.727170557690484e-05
332|0.996|6.880050587015292e-06|4.591500967136669e-05
333|0.999|6.701127620072398e-06|4.4597250879609784e-05
334|1.002|6.526799003985154e-06|4.3317311708199954e-05
335|1.005|6.35694865671365e-06|4.207410673564156e-05
336|1.008|6.191463367589035e-06|4.0866581692040454e-05
337|1.011|6.030232728289685e-06|3.969371256498103e-05
338|1.014|5.873149065333542e-06|3.8554504731139625e-05
339|1.017|5.720107374360605e-06|3.744799211286398e-05
340|1.02|5.571005255817676e-06|3.637323635887762e-05
341|1.023|5.425742852019006e-06|3.5329326048504595e-05
342|1.026|5.284222786009237e-06|3.431537591894468e-05
343|1.029|5.1463501012299946e-06|3.333052611418243e-05
344|1.032|5.012032203359408e-06|3.2373941456231994e-05
345|1.035|4.881178802959044e-06|3.144481073664222e-05
346|1.038|4.75370185946533e-06|3.054234602851042e-05
347|1.041|4.6295155268343945e-06|2.9665782018491533e-05
348|1.044|4.5085361001140074e-06|2.8814375357586947e-05
349|1.047|4.390681963597808e-06|2.7987404031042528e-05
350|1.05|4.275873539864745e-06|2.7184166745877915e-05
351|1.053|4.164033239986036e-06|2.6403982335991838e-05
352|1.056|4.055085415345933e-06|2.5646189184841886e-05
353|1.059|3.948956310422029e-06|2.491014466442814e-05
354|1.062|3.845574016127452e-06|2.419522458994343e-05
355|1.065|3.744868424932978e-06|2.350082269062522e-05
356|1.068|3.6467711869312423e-06|2.2826350095793245e-05
357|1.071|3.5512156667296633e-06|2.2171234835325155e-05
358|1.074|3.4581369012772063e-06|2.1534921354496404e-05
359|1.077|3.3674715590608943e-06|2.0916870043002112e-05
360|1.08|3.2791579001848082e-06|2.0316556777447233e-05
361|1.083|3.193135736933736e-06|1.973347247662421e-05
362|1.086|3.109346396017844e-06|1.9167122670015084e-05
363|1.089|3.0277326810393135e-06|1.861702707835765e-05
364|1.092|2.9482388362771253e-06|1.808271920638812e-05
365|1.095|2.870810511207028e-06|1.75637459472354e-05
366|1.098|2.795394725797916e-06|1.7059667198195113e-05
367|1.101|2.7219398367249944e-06|1.6570055487456815e-05
368|1.104|2.6503955043908878e-06|1.6094495611645506e-05
369|1.107|2.5807126606851936e-06|1.563258428367812e-05
370|1.11|2.5128434775776137e-06|1.5183929790858911e-05
371|1.113|2.446741336448976e-06|1.4748151662567731e-05
372|1.116|2.382360798054056e-06|1.432488034771163e-05
373|1.119|2.319657573418015e-06|1.3913756901285226e-05
374|1.122|2.258588495216422e-06|1.3514432679980886e-05
375|1.125|2.199111490005816e-06|1.3126569046546704e-05
376|1.128|2.141185550989863e-06|1.2749837082598346e-05
377|1.131|2.0847707117328293e-06|1.2383917309795599e-05
378|1.134|2.029828019871854e-06|1.2028499418629504e-05
379|1.137|1.9763195122570924e-06|1.1683282005547774e-05
380|1.14|1.9242081902043154e-06|1.1347972317289737e-05
381|1.143|1.87345799544537e-06|1.1022286002592097e-05
382|1.146|1.8240337866278729e-06|1.070594687100974e-05
383|1.149|1.7759013166328589e-06|1.0398686658828046e-05
384|1.152|1.7290272100590949e-06|1.0100244801509326e-05
385|1.155|1.6833789414048756e-06|9.810368212544057e-06
386|1.158|1.638924814051269e-06|9.528811069149931e-06
387|1.161|1.5956339393523056e-06|9.255334603593338e-06
388|1.164|1.55347621647878e-06|8.989706900767624e-06
389|1.167|1.51242231263198e-06|8.731702701513087e-06
390|1.17|1.4724436439126489e-06|8.481103211620686e-06
391|1.173|1.4335123563474384e-06|8.23769591623587e-06
392|1.176|1.3956013078751225e-06|8.001274399736745e-06
393|1.179|1.3586840500671614e-06|7.771638170510008e-06
394|1.182|1.3227348110351957e-06|7.548592491105875e-06
395|1.185|1.2877284784114436e-06|7.33194821309048e-06
396|1.188|1.2536405825086539e-06|7.1215216164707335e-06
397|1.191|1.2204472803413341e-06|6.9171342540810155e-06
398|1.194|1.1881253398921303e-06|6.7186128001352595e-06
399|1.197|1.156652124554609e-06|6.525788903367103e-06
400|1.2|1.1260055782316201e-06|6.338499044081223e-06
401|1.203|1.0961642106258546e-06|6.156584395645541e-06
402|1.206|1.0671070830701187e-06|5.979890689737979e-06
403|1.209|1.0388137945050262e-06|5.808268085543052e-06
404|1.212|1.011264467947706e-06|5.6415710427042496e-06
405|1.215|9.84439737153359e-07|5.479658197791842e-06
406|1.218|9.58320733741017e-07|5.322392244494543e-06
407|1.221|9.328890747404186e-07|5.169639817262918e-06
408|1.224|9.081268500961517e-07|5.021271378101263e-06
409|1.227|8.840166107827789e-07|4.8771611067248915e-06
410|1.23|8.605413570668462e-07|4.737186793903247e-06
411|1.233|8.376845272045178e-07|4.601229737803139e-06
412|1.236|8.154299862447796e-07|4.469174643327671e-06
413|1.239|7.93762015255067e-07|4.340909524346233e-06
414|1.242|7.726653006877277e-07|4.216325608724354e-06
415|1.245|7.521249241826814e-07|4.095317246096383e-06
416|1.248|7.321263523998633e-07|3.977781818254928e-06
417|1.251|7.126554272985347e-07|3.863619652122807e-06
418|1.254|6.936983565136245e-07|3.7527339351759966e-06
419|1.257|6.752417042687772e-07|3.6450306335609945e-06
420|1.26|6.572723819443933e-07|3.5404184120409154e-06
421|1.263|6.397776394790649e-07|3.43880855675509e-06
422|1.266|6.22745056679568e-07|3.340114899930525e-06
423|1.269|6.061625347381336e-07|3.2442537467451757e-06
424|1.272|5.900182882025199e-07|3.151143804542255e-06
425|1.275|5.743008367339667e-07|3.0607061136210943e-06
426|1.278|5.589989975515232e-07|2.972863980538842e-06
427|1.281|5.441018776604879e-07|2.887542912899924e-06
428|1.284|5.295988664497e-07|2.8046705562024793e-06
429|1.287|5.154796286093552e-07|2.7241766325508836e-06
430|1.29|5.017340968825516e-07|2.645992880997587e-06
431|1.293|4.8835246542291e-07|2.5700529997481106e-06
432|1.296|4.75325182928721e-07|2.4962925898078486e-06
433|1.299|4.626429461887786e-07|2.4246491004460965e-06
434|1.302|4.502966937326224e-07|2.355061776147607e-06
435|1.305|4.3827759952408295e-07|2.287471605024791e-06
436|1.308|4.265770671009623e-07|2.2218212688977403e-06
437|1.311|4.1518672352129475e-07|2.158055094539511e-06
438|1.314|4.0409841378554496e-07|2.0961190066617515e-06
439|1.317|3.933041950075506e-07|2.0359604818325446e-06
440|1.32|3.8279633117927414e-07|1.9775285040405006e-06
441|1.323|3.7256728772825544e-07|1.920773521482809e-06
442|1.326|3.626097264207286e-07|1.8656474044922242e-06
443|1.329|3.5291650018891103e-07|1.8121034046555057e-06
444|1.332|3.4348064836730575e-07|1.7600961153065216e-06
445|1.335|3.342953917612004e-07|1.7095814329253635e-06
446|1.338|3.253541279722498e-07|1.660516519738151e-06
447|1.341|3.166504269567382e-07|1.6128597674088112e-06
448|1.344|3.081780264843768e-07|1.5665707618249329e-06
449|1.347|2.999308278496954e-07|1.5216102487227663e-06
450|1.35|2.919028916776329e-07|1.4779401004242926e-06
451|1.353|2.840884335645292e-07|1.435523283461939e-06
452|1.356|2.764818205610701e-07|1.3943238273160564e-06
453|1.359|2.6907756680314514e-07|1.3543067937960389e-06
454|1.362|2.618703299185022e-07|1.3154382473982864e-06
455|1.365|2.54854907313386e-07|1.2776852265793365e-06
456|1.368|2.48026232501849e-07|1.241015715823313e-06
457|1.371|2.4137937165272105e-07|1.2053986184361817e-06
458|1.374|2.3490952001416312e-07|1.1708037301864538e-06
459|1.377|2.286119988148097e-07|1.1372017137367697e-06
460|1.38|2.2248225178818666e-07|1.1045640737481266e-06
461|1.383|2.1651584201914868e-07|1.072863132607059e-06
462|1.386|2.1070844892163682e-07|1.042072007080991e-06
463|1.389|2.0505586525870342e-07|1.012164585556597e-06
464|1.392|1.9955399404471544e-07|9.831155057273258e-07
